            queued
-------------------
                 6
                 0
                 0
                 1
                 0
                 0
                10
                 0
                 0
                 0
                 0
                 0
                 0
                 0
                 0
                10
                 0
                 0
                 0
                 0
                 0
                 0
                 0
                 0
                 0
                 0
                 0
                 0
                 0
                 0
                 0
                 0
                 0
                 0
                 0
                 0
                 0
                 0
                 0
                 0
                 0
                 0
                 0
                 0
                 0
                 0
                 0
                 0
                 0
                 0
                 0
                 0
                 0
                 0
                 0
                 0
                 0
                 0
                 0
 Total: 59 entries
-------------------
