month   hours: ident content keyset miss_old miss_new | old rows/keys/dup/conf | new rows/keys/dup/conf
2013-01   282     0     0    0    0 |        3935        3935          0       0 |        3935        3935      0     0
2013-02   505     1     0    0    0 |       43409       31618      11791       7 |       31618       31618      0     0
2013-03   709    30     0    0    0 |      217820      108910     108910     157 |      108910      108910      0     0
2013-04   488   229     0    0    0 |      335406      200339     135067     739 |      200339      200339      0     0
2013-05   527   217     0    0    0 |     1853584     1112835     740749     619 |     1112835     1112835      0     0
2013-06   481   239     0    0    0 |     2541036     1270518    1270518     799 |     1270518     1270518      0     0
2013-07   665    78     0    0    0 |     7442905     6178707    1264198     172 |     6178707     6178707      0     0
2013-08   742     2     0    0    0 |     2092158     2092158          0       0 |     2092158     2092158      0     0
2013-09   661    59     0    0    0 |     3825695     2769990    1055705     167 |     2769990     2769990      0     0
2013-10   744     0     0    0    0 |     2954127     2954127          0       0 |     2954127     2954127      0     0
2013-11   719     1     0    0    0 |     3065521     3065521          0       0 |     3065521     3065521      0     0
2013-12   566   178     0    0    0 |     5608026     4511312    1096714     790 |     4511312     4511312      0     0
2014-01   680    64     0    0    0 |     4179747     4179747          0       0 |     4179747     4179747      0     0
2014-02   671     1     0    0    0 |     5726917     5726917          0       0 |     5726917     5726917      0     0
2014-03   733    11     0    0    0 |     6585024     6516109      68915      54 |     6516109     6516109      0     0
2014-04   720     0     0    0    0 |     7040077     7040077          0       0 |     7040077     7040077      0     0
2014-05   743     1     0    0    0 |     9742477     9742477          0       0 |     9742477     9742477      0     0
2014-06   707    13     0    0    0 |    10286901    10124914     161987     176 |    10124914    10124914      0     0
2014-07   667    77     0    0    0 |    15962974    15318062     644912     787 |    15318062    15318062      0     0
2014-08    67   676     0    0    0 |    29549804    17745425   11804379   11293 |    17745425    17745425      0     0
2014-09   161   559     0    0    0 |    31477581    22229234    9248347    8549 |    22229234    22229234      0     0
2014-10   692    52     0    0    0 |    14825297    14365947     459350     454 |    14365947    14365947      0     0
2014-11   116   604     0    0    0 |    42590622    31981164   10609458   14721 |    31981164    31981164      0     0
2014-12    16   728     0    0    0 |    49953327    32455996   17497331   28228 |    32455996    32455996      0     0
2015-01     2   742     0    0    0 |    57160644    29605148   27555496   61068 |    29605148    29605148      0     0
2015-02     8   664     0    0    0 |    37219820    22571204   14648616   28114 |    22571204    22571204      0     0
2015-03    11   733     0    0    0 |    54441254    32657785   21783469   49192 |    32657785    32657785      0     0
2015-04    96   624     0    0    0 |    26711123    19732760    6978363    8408 |    19732760    19732760      0     0
2015-05   676    68     0    0    0 |    19050504    18408027     642477    1049 |    18408027    18408027      0     0
2015-06   100   620     0    0    0 |    26219243    16315451    9903792    8274 |    16315451    16315451      0     0
2015-07   744     0     0    0    0 |    18034040    18034040          0       0 |    18034040    18034040      0     0
2015-08   196   548     0    0    0 |    24569965    18433711    6136254    3878 |    18433711    18433711      0     0
2015-09   131   588     0    0    0 |    30428658    18252799   12175859    7024 |    18252799    18252799      0     0
2015-10   157   587     0    0    0 |    26790332    17359316    9431016   13166 |    17359316    17359316      0     0
2015-11   252   468     0    0    0 |    26854397    20026138    6828259    9457 |    20026138    20026138      0     0
2015-12   127   617     0    0    0 |    43454031    26062217   17391814   11525 |    26062217    26062217      0     0
2016-01   744     0     0    0    0 |    30451930    30451930          0       0 |    30451930    30451930      0     0
2016-02   128   568     0    0    0 |    68454592    35438060   33016532    7896 |    35438060    35438060      0     0
2016-03   161   583     0    0    0 |    64046058    38807624   25238434   12665 |    38807624    38807624      0     0
2016-04   258   462     0    0    0 |    63536423    47986649   15549774    3475 |    47986649    47986649      0     0
2016-05   322   422     0    0    0 |    39772302    28726894   11045408    3405 |    28726894    28726894      0     0
2016-06    87   633     0    0    0 |    74177066    39392201   34784865   10358 |    39392201    39392201      0     0
2016-07   725    19     0    0    0 |    40700690    40154349     546341      90 |    40154349    40154349      0     0
2016-08   142   602     0    0    0 |    60810654    37283167   23527487    6610 |    37283167    37283167      0     0
2016-09   285   435     0    0    0 |    51826904    39517653   12309251    4629 |    39517653    39517653      0     0
2016-10    71   673     0    0    0 |    93379907    47860732   45519175   10938 |    47860732    47860732      0     0
2016-11   313   407     0    0    0 |    77261785    60733366   16528419    2540 |    60733366    60733366      0     0
2016-12   737     7     0    0    0 |    58567661    58304320     263341      46 |    58304320    58304320      0     0
2017-01   294   450     0    0    0 |    80555345    60831964   19723381    3678 |    60831964    60831964      0     0
2017-02   403   269     0    0    0 |    43597947    36689225    6908722     688 |    36689225    36689225      0     0
2017-03   104   640     0    0    0 |    80562452    48344672   32217780    7280 |    48344672    48344672      0     0
2017-04   112   608     0    0    0 |   101291774    52797512   48494262   10765 |    52797512    52797512      0     0
2017-05   733    11     0    0    0 |    61577643    61569018       8625       3 |    61569018    61569018      0     0
2017-06   706    14     0    0    0 |    43540762    43214645     326117      66 |    43214645    43214645      0     0
2017-07   199   545     0    0    0 |    54254203    40725769   13528434    3509 |    40725769    40725769      0     0
2017-08   171   573     0    0    0 |    55031426    40958429   14072997    4405 |    40958429    40958429      0     0
2017-09   646    74     0    0    0 |    36106372    33044291    3062081     549 |    33044291    33044291      0     0
2017-10   742     2     0    0    0 |    62452875    62320010     132865      12 |    62320010    62320010      0     0
2017-11   128   592     0    0    0 |    81990169    61403965   20586204    4742 |    61403965    61403965      0     0
2017-12   695    49     0    0    0 |    77239951    74724548    2515403    1204 |    74724548    74724548      0     0
2018-01    20   724     0    0    0 |   127938793    78906272   49032521   16559 |    78906272    78906272      0     0
2018-02   163   509     0    0    0 |    80051715    59638727   20412988    2816 |    59638727    59638727      0     0
2018-03   264   480     0    0    0 |    67709914    50558906   17151008    2547 |    50558906    50558906      0     0
2018-04   112   608     0    0    0 |    80302151    48552412   31749739    7560 |    48552412    48552412      0     0
2018-05   141   603     0    0    0 |    97908581    52322721   45585860    8678 |    52322721    52322721      0     0
2018-06   262   458     0    0    0 |    54300451    40716326   13584125    2952 |    40716326    40716326      0     0
2018-07   309   435     0    0    0 |    47107069    34151344   12955725    3675 |    34151344    34151344      0     0
2018-08   352   392     0    0    0 |    46796495    35094695   11701800    2123 |    35094695    35094695      0     0
2018-09   341   379     0    0    0 |    45372724    34029655   11343069    2211 |    34029655    34029655      0     0
2018-10   438   306     0    0    0 |    43151509    28481082   14670427    1152 |    28481082    28481082      0     0
2018-11   432   288     0    0    0 |    39964099    26226974   13737125    1330 |    26226974    26226974      0     0
2018-12   570   174     0    0    0 |    47054165    35529296   11524869     559 |    35529296    35529296      0     0
2019-01   571   173     0    0    0 |    55707391    40417350   15290041     487 |    40417350    40417350      0     0
2019-02   409   263     0    0    0 |    53049833    30298137   22751696    1349 |    30298137    30298137      0     0
2019-03   525   219     0    0    0 |    51845159    30944210   20900949     643 |    30944210    30944210      0     0
2019-04   440   280     0    0    0 |    53558553    33788202   19770351    1163 |    33788202    33788202      0     0
2019-05   435   309     0    0    0 |    66414021    41482642   24931379    2023 |    41482642    41482642      0     0
2019-06   490   230     0    0    0 |    88649771    53286137   35363634     889 |    53286137    53286137      0     0
2019-07   460   284     0    0    0 |   117535776    71027847   46507929    1568 |    71027847    71027847      0     0
2019-08   617   127     0    0    0 |    76765789    57867109   18898680     395 |    57867109    57867109      0     0
2019-09   634    86     0    0    0 |    73743542    55672823   18070719     255 |    55672823    55672823      0     0
2019-10   628   116     0    0    0 |    77371694    76330001    1041693    2739 |    76330001    76330001      0     0
2019-11   365   355     0    0    0 |   195399425   194215737    1183688   10644 |   194215737   194215737      0     0
2019-12   580   164     0    0    0 |   146618280   144900985    1717295    1380 |   144900985   144900985      0     0
2020-01   411   333     0    0    0 |   105238781    79480605   25758176   54004 |    79480605    79480605      0     0
2020-02   517   179     0    0    0 |    92147876    56854003   35293873     775 |    56854003    56854003      0     0
2020-03   622   122     0    0    0 |    87110058    65346142   21763916     407 |    65346142    65346142      0     0
2020-04   582   138     0    0    0 |   103723303    62109894   41613409     510 |    62109894    62109894      0     0
2020-05   387   357     0    0    0 |    81744012    61904784   19839228    4151 |    61904784    61904784      0     0
2020-06   329   391     0    0    0 |    75560584    56402570   19158014    2100 |    56402570    56402570      0     0
2020-07   361   383     0    0    0 |   114200458    58989643   55210815    4143 |    58989643    58989643      0     0
2020-08   743     1     0    0    0 |    82292113    82155525     136588       0 |    82155525    82155525      0     0
2020-09   592   128     0    0    0 |   104193155    67365544   36827611     577 |    67365544    67365544      0     0
2020-10   648    96     0    0    0 |    77885474    58103400   19782074     290 |    58103400    58103400      0     0
2020-11    41   679     0    0    0 |   107714601    66534760   41179841   11078 |    66534760    66534760      0     0
2020-12   455   289     0    0    0 |   120081689    90047650   30034039    1189 |    90047650    90047650      0     0
2021-01   710    34     0    0    0 |   101231079    97497118    3733961     190 |    97497118    97497118      0     0
2021-02   388   284     0    0    0 |   107947165    81687579   26259586    1463 |    81687579    81687579      0     0
2021-03   402   342     0    0    0 |   118481807    72004981   46476826    1281 |    72004981    72004981      0     0
2021-04   192   528     0    0    0 |   136911107    82271438   54639669    3566 |    82271438    82271438      0     0
2021-05   254   490     0    0    0 |    96940272    72893316   24046956    3072 |    72893316    72893316      0     0
2021-06   486   234     0    0    0 |    67563407    51648454   15914953    1104 |    51648454    51648454      0     0
2021-07   443   301     0    0    0 |    85097530    53397659   31699871    1126 |    53397659    53397659      0     0
2021-08   483   261     0    0    0 |    84550286    64514935   20035351     828 |    64514935    64514935      0     0
2021-09   646    74     0    0    0 |    78047068    78047068          0       0 |    78047068    78047068      0     0
2021-10   700    44     0    0    0 |   105173787   103821968    1351819    1272 |   103821968   103821968      0     0
2021-11     0   720     0    0    0 |   200896987   138282784   62614203   28828 |   138282784   138282784      0     0
2021-12   737     7     0    0    0 |   101713843   101713843          0       0 |   101713843   101713843      0     0
2022-01     0   744     0    0    0 |   223691506   134173223   89518283   52468 |   134173223   134173223      0     0
2022-02    31   641     0    0    0 |   167037182   126616055   40421127   20390 |   126616055   126616055      0     0
2022-03   721    23     0    0    0 |   100677742    99747918     929824     364 |    99747918    99747918      0     0
2022-04   618   102     0    0    0 |    97267036    90248103    7018933    2666 |    90248103    90248103      0     0
2022-05   683    61     0    0    0 |    94310511    91522294    2788217     935 |    91522294    91522294      0     0
2022-06   718     2     0    0    0 |    93861858    93861858          0       0 |    93861858    93861858      0     0
2022-07   706    38     0    0    0 |    93951363    92727662    1223701     385 |    92727662    92727662      0     0
2022-08   667    77     0    0    0 |    79603342    76973916    2629426     848 |    76973916    76973916      0     0
2022-09    36   684     0    0    0 |   110480939    83860478   26620461   14689 |    83860478    83860478      0     0
2022-10   111   633     0    0    0 |   118071393    91959847   26111546   10841 |    91959847    91959847      0     0
2022-11    37   683     0    0    0 |   113728275    86140161   27588114   16242 |    86140161    86140161      0     0
2022-12   557   187     0    0    0 |    91342712    88209734    3132978    1487 |    88209734    88209734      0     0
2023-01   600   144     0    0    0 |    98847245    93427192    5420053    3046 |    93427192    93427192      0     0
2023-02   560   112     0    0    0 |    93570730    89943261    3627469    1558 |    89943261    89943261      0     0
2023-03    90   654     0    0    0 |   132757832   101485463   31272369   12049 |   101485463   101485463      0     0
2023-04     0   720     0    0    0 |   133047944    76400564   56647380   21988 |    76400564    76400564      0     0
2023-05   688    56     0    0    0 |    80134904    80086136      48768      11 |    80086136    80086136      0     0
2023-06   531   189     0    0    0 |    85019203    75805532    9213671    3430 |    75805532    75805532      0     0
2023-07   622   122     0    0    0 |    73605361    71196270    2409091    1987 |    71196270    71196270      0     0
2023-08   679    65     0    0    0 |    81737980    81374849     363131     222 |    81374849    81374849      0     0
2023-09     1   719     0    0    0 |    97707506    73280035   24427471   24090 |    73280035    73280035      0     0
2023-10     0   744     0    0    0 |    95719711    69203883   26515828   37852 |    69203883    69203883      0     0
2023-11     0   720     0    0    0 |    93973503    70496887   23476616   32802 |    70496887    70496887      0     0
2023-12   723    21     0    0    0 |   154230908   153506900     724008     186 |   153506900   153506900      0     0
2024-01     0   744     0    0    0 |   644237794   404949888  239287906   84683 |   404949888   404949888      0     0
2024-02   158   538     0    0    0 |   297097259   202922868   94174391   50034 |   202922868   202922868      0     0
2024-03     6   738     0    0    0 |   148501192   111563349   36937843   30701 |   111563349   111563349      0     0
2024-04   601   119     0    0    0 |    97652268    92163750    5488518    5786 |    92163750    92163750      0     0
2024-05     0   744     0    0    0 |   109054031    66769660   42284371   51626 |    66769660    66769660      0     0
2024-06     0   720     0    0    0 |   106072345    79277811   26794534   34115 |    79277811    79277811      0     0
2024-07     0   744     0    0    0 |   334900249   249777123   85123126  740316 |   249777123   249777123      0     0
2024-08   267   477     0    0    0 |   291976422   183005319  108971103 1179147 |   183005319   183005319      0     0
2024-09   704    16     0    0    0 |   396580611   209860369  186720242       0 |   209860369   209860369      0     0
2024-10   640   104     0    0    0 |   298351536   190554585  107796951       0 |   190554585   190554585      0     0
2024-11   621    99     0    0    0 |   198440873   198440873          0       0 |   198440873   198440873      0     0
2024-12   699    45     0    0    0 |   210750826   210750826          0       0 |   210750826   210750826      0     0
2025-01   688    56     0    0    0 |   220543587   220543587          0       0 |   220543587   220543587      0     0
2025-02   633    39     0    0    0 |   146257162   146257162          0       0 |   146257162   146257162      0     0
2025-03   721    23     0    0    0 |   219562922   219562922          0       0 |   219562922   219562922      0     0
2025-04   689    31     0    0    0 |   213493454   213493454          0       0 |   213493454   213493454      0     0
2025-05   716    28     0    0    0 |   173154428   173154428          0       0 |   173154428   173154428      0     0
2025-06   698    20     2    0    0 |   191754127   191754127          0       0 |   191756989   191756989      0     0
2025-07   702    42     0    0    0 |   227554239   227554239          0       0 |   227554239   227554239      0     0
2025-08   716    28     0    0    0 |   192263189   192263189          0       0 |   192263189   192263189      0     0
2025-09   706    14     0    0    0 |   169361320   169361320          0       0 |   169361320   169361320      0     0
2025-10   730    14     0    0    0 |   185473331   185473331          0       0 |   185473331   185473331      0     0
2025-11   715     5     0    0    0 |   190837221   190837221          0       0 |   190837221   190837221      0     0
2025-12   724    20     0    0    0 |   176707982   176707982          0       0 |   176707982   176707982      0     0
2026-01   713    31     0    0    0 |   222688717   222688717          0       0 |   222688717   222688717      0     0
2026-02   648    24     0    0    0 |   239032190   239032190          0       0 |   239032190   239032190      0     0
2026-03   700    44     0    0    0 |   241071981   240619274     452707   12219 |   240619274   240619274      0     0
2026-04   691    29     0    0    0 |   239634223   239634223          0       0 |   239634223   239634223      0     0
2026-05   608   136     0    0    0 |   211517909   211517909          0       0 |   211517909   211517909      0     0
2026-06   477   243     0    0    0 |   154269450   154269450          0       0 |   154269450   154269450      0     0
2026-07   539   205     0    0    0 |   127931354   127931354          0       0 |   127931354   127931354      0     0
2026-08   647    97     0    0    0 |   210463735   210463735          0       0 |   210463735   210463735      0     0
2026-09   505    95     0    0    0 |   155865038   155865038          0       0 |   155865038   155865038      0     0
